Medicine_ID,Counterfeit_Sales
HLZ81,1616.4840503229955
ECE94,3997.1498061776047
SAD14,1751.6365954896087
EQV63,382.3290349727257
AIR10,374.0125301999905
LIC37,560.3522064082249
EXZ14,3989.456579889398
UCB79,3836.92015297471
IDJ12,5821.3221182816
KLQ71,1751.6365954896087
NZS82,2620.896015510706
TZV99,3997.1498061776047
FWK70,2508.028891160564
LKL13,2851.548331664444
UFQ12,6100.434106034227
JPE14,2950.419138487161
SGZ11,2105.7149594299044
JSD91,2747.8209788681907
KSO48,2967.9759710478843
LNA17,894.234015525627
XQB11,1922.124203894443
ZKO55,1922.124203894443
DZC65,994.4057947893175
CYS10,2967.9759710478843
IOW64,2508.028891160564
JJQ10,2950.419138487161
ZVR52,1922.124203894443
DRH86,940.9227926645244
HWM68,2686.4792533131626
OHY21,2423.7178656616143
EVB28,1055.7551808024552
WGT10,2048.810894506165
TXX50,2928.2400974910242
XHQ12,894.234015525627
BUQ68,2870.843698181458
GPT11,2069.6219863940637
DBA13,894.234015525627
VLR10,1343.5371291697095
TXX50,2928.2400974910242
PPB10,3997.1498061776047
IAS38,2967.9759710478843
FLZ93,2526.9029806810645
DEE35,2508.028891160564
DFS52,2967.9759710478843
JCW15,615.7365397274497
CGG23,1296.8483520308123
OJV12,1922.124203894443
MCQ36,3997.1498061776047
YJD12,2950.419138487161
EOK39,320.7787101150857
IYM95,2950.419138487161
JBY12,2950.419138487161
EVE11,3101.5519283551384
IAS38,2967.9759710478843
LKG52,3101.5519283551384
LCH20,894.234015525627
DQX15,287.48705537856927
CPF13,2950.419138487161
MXD18,3997.1498061776047
UJL53,3818.273206547793
NQG12,3907.7506208119303
RTM43,1247.8466191242715
VOR91,940.9227926645244
BKR48,1922.124203894443
TYB54,4580.86200505331
JDT14,2950.419138487161
YST51,940.9227926645244
YRD11,512.8542460620971
IKQ41,2950.419138487161
KKJ43,1677.7643373719109
BFA10,3939.058097737511
JIV77,470.7385208204702
OIT11,2950.419138487161
EVB28,1055.7551808024552
IZD14,894.234015525627
DVR14,1922.124203894443
HAY13,2950.419138487161
KEB73,1470.0977000705586
UHF16,2967.9759710478843
KOE13,2870.843698181458
OCC17,1922.124203894443
XSM88,2928.2400974910242
XKD99,2967.9759710478843
DZO55,1922.124203894443
EPQ18,1055.7551808024552
WGC12,4580.86200505331
GTU11,3836.92015297471
DPL20,894.234015525627
LCT65,894.234015525627
KKK25,1911.9190786287863
OYJ39,1922.124203894443
PRC68,1878.1938998204748
BKA11,3997.1498061776047
MCS10,3907.7506208119303
OMK35,2521.4244155969745
INQ59,220.57824821552924
WAF13,3997.1498061776047
QEG30,1922.124203894443
HNB36,1922.124203894443
JFM47,2950.419138487161
DHX14,1922.124203894443
TIG24,1695.8438743024046
WXI33,1005.5329010378598
QBL45,2587.088066266358
DPT13,1828.1637632545712
YHP10,2587.088066266358
IHZ66,2967.9759710478843
LSZ55,1098.329046645248
SLH10,994.4057947893175
DIX98,1922.124203894443
XEX60,2620.896015510706
SFC11,290.3244060415584
QGV13,3976.920116962394
YJY59,3997.1498061776047
LHQ13,940.9227926645244
FWW89,1574.2097548997992
AAS12,2747.8209788681907
YHP10,2668.9766562489117
JZL95,3997.1498061776047
DBJ11,3997.1498061776047
BNO11,3997.1498061776047
MBQ12,3836.92015297471
NQE11,3836.92015297471
BJQ15,894.234015525627
JZK98,2950.419138487161
MSY10,6100.434106034227
DDK20,2587.088066266358
QAU14,1901.057311911114
YMG27,206.04230979358948
PJB12,1922.124203894443
MKO99,1695.8438743024046
SYW15,863.7225069670501
TTJ13,1901.057311911114
KIT10,530.1628485832646
PYY23,3976.920116962394
QQR55,2950.419138487161
QBT13,1911.9190786287863
KBR18,1922.124203894443
IAP53,2466.296952010243
HPW53,3939.058097737511
UCX61,1296.8483520308123
IWE13,2950.419138487161
OJE14,2967.9759710478843
SFI23,1922.124203894443
MRG11,2870.843698181458
GLQ11,1922.124203894443
JXC75,2967.9759710478843
FTY40,2950.419138487161
GUM11,894.234015525627
LZQ97,5524.665479542262
NGH10,1922.124203894443
MKR14,3818.273206547793
MWN81,3101.5519283551384
QKY68,1055.7551808024552
JEF58,1911.9190786287863
IJC44,3997.1498061776047
ZJB56,1922.124203894443
OIY11,1922.124203894443
DXX87,560.8413824655105
VPX10,2950.419138487161
LHK43,1922.124203894443
UQE10,3997.1498061776047
MAJ12,1922.124203894443
GWU14,3997.1498061776047
DCB19,3976.920116962394
FVD11,894.234015525627
CPZ57,894.234015525627
HWM68,1751.6365954896087
TGT13,2689.171406443177
OTB75,515.8712255043965
VIQ13,3101.5519283551384
XXE14,1922.124203894443
RNV12,894.234015525627
DST32,3029.10402526921
CWT37,3997.1498061776047
NCG56,2950.419138487161
QJZ43,1751.6365954896087
RHR86,1878.1938998204748
QRC11,1922.124203894443
ATT10,530.1628485832646
YYJ78,894.234015525627
CQU27,356.4057013962285
ATT10,529.3068478281376
YTK96,2105.7149594299044
UNI81,1677.7643373719109
IIG27,994.4057947893175
MCS10,2508.028891160564
BTP27,1901.057311911114
OLY11,1922.124203894443
TVT11,1922.124203894443
QFD24,3997.1498061776047
UYQ40,894.234015525627
KBP10,475.3330246270821
AKD11,3997.1498061776047
IUN21,4379.632671425883
PDQ67,894.234015525627
RDQ13,1695.8438743024046
VLR87,2992.640454232687
HZC96,3836.92015297471
QXV86,2526.9029806810645
TGT13,2668.9766562489117
XJA26,2879.704970921905
EWT46,3997.1498061776047
QRC11,1922.124203894443
RDJ83,1074.337869218675
URG12,387.62917782130995
BTP27,1901.057311911114
ORN12,3989.456579889398
RFR49,3818.273206547793
ZEE32,3997.1498061776047
OKA72,385.7439651517757
FSJ13,2526.9029806810645
IYX45,894.234015525627
DSY84,1922.124203894443
CSM50,1922.124203894443
WOX94,2967.9759710478843
UYH58,2828.7799754226326
OLD10,4613.545164988238
IAP71,2950.419138487161
ATT10,2928.2400974910242
JHP96,206.04230979358948
RUT58,1911.9190786287863
UTN77,1720.4116781274818
CTM81,472.55389185978595
YAA14,1922.124203894443
JJZ12,1922.124203894443
BKA11,3997.1498061776047
LWT80,1922.124203894443
GKI48,1901.057311911114
UAV72,1878.1938998204748
OIF72,2851.548331664444
JYY11,5594.9626906132025
LLH93,3997.1498061776047
AZB11,3997.1498061776047
JEM14,2668.9766562489117
AHD74,2950.419138487161
UYA56,5594.9626906132025
XRJ35,894.234015525627
RAH15,2950.419138487161
TRZ29,4472.520691722608
HMI21,1720.4116781274818
NEH32,940.9227926645244
XEI37,3818.273206547793
BEY15,2928.2400974910242
JJD44,1846.781015649936
NUW49,2587.088066266358
IKU77,940.9227926645244
WDW84,2568.7379036576594
XBN75,3836.92015297471
BTP27,1901.057311911114
KSO48,2967.9759710478843
SAC31,2950.419138487161
KTH72,607.4404842364768
VZK61,3997.1498061776047
QAU14,1901.057311911114
XVT88,3997.1498061776047
KRS13,3997.1498061776047
FDZ11,3101.5519283551384
DHT27,3997.1498061776047
GRD25,2526.9029806810645
UQJ12,1751.6365954896087
GAC11,2508.028891160564
TKA46,515.8712255043965
YST51,940.9227926645244
CCH19,2851.548331664444
FTY40,2950.419138487161
KVN10,3997.1498061776047
LWT80,1922.124203894443
ONO10,4613.545164988238
STR65,3101.5519283551384
VFE97,3997.1498061776047
HWE10,894.234015525627
PRC68,1901.057311911114
RVX39,940.9227926645244
VMN22,2950.419138487161
XBY11,475.3330246270821
ZRF15,2382.9470869616243
EOX12,1922.124203894443
JNT60,2967.9759710478843
UIR34,2686.4792533131626
ACC80,4644.203598241795
IVE63,385.7439651517757
JES16,940.9227926645244
QEF34,3818.273206547793
NZA81,910.3821837855779
KTS65,2950.419138487161
ORX66,2950.419138487161
DKW49,2526.9029806810645
DVR14,1922.124203894443
KAY10,3997.1498061776047
ENH17,560.8413824655105
XHQ90,894.234015525627
WVJ47,2908.834996156864
UAS12,206.04230979358948
TPH13,2587.088066266358
OUB13,290.3244060415584
QQF11,1695.8438743024046
NMJ18,1658.8559376899107
JWP65,560.3522064082249
UYQ40,894.234015525627
OJV12,1922.124203894443
GWU14,3997.1498061776047
RLY93,894.234015525627
IFX14,1890.1217711249326
ANV76,1922.124203894443
AHC49,2950.419138487161
QXV86,2526.9029806810645
TNC52,2950.419138487161
AEF11,894.234015525627
DMF12,3065.4905864272428
PIV47,1922.124203894443
FKP38,2950.419138487161
JSI16,6100.434106034227
GEL15,3997.1498061776047
SAD14,1751.6365954896087
APX64,377.8584059990076
HFF15,1374.555531837172
OJL17,1922.124203894443
RMM57,3997.1498061776047
JJZ12,3101.5519283551384
CYP90,2668.9766562489117
HOA15,2950.419138487161
TWM83,1922.124203894443
XFX12,1890.1217711249326
UIR34,1751.6365954896087
NXT21,2950.419138487161
YOC67,2950.419138487161
CTT10,1911.9190786287863
XTA25,3939.058097737511
CNH11,2668.9766562489117
OIR82,3997.1498061776047
KGC13,3997.1498061776047
LKT15,2950.419138487161
YFD14,3997.1498061776047
LGE15,2587.088066266358
UTN77,1751.6365954896087
ZPQ72,1458.3695173076405
KSA50,1922.124203894443
WIW15,382.3290349727257
WDS14,894.234015525627
CUY60,4472.520691722608
ACW12,3939.058097737511
HER33,1922.124203894443
GMM11,3997.1498061776047
XXE14,3101.5519283551384
OJX13,3486.096005332798
GUA99,1901.057311911114
HRH29,1922.124203894443
WFU12,940.9227926645244
JZM41,2587.088066266358
QMP15,1677.7643373719109
AHD74,557.1467263784155
KSE64,2950.419138487161
YEC92,385.7439651517757
SZO25,4580.86200505331
LKT15,2950.419138487161
SAS13,2950.419138487161
DUZ10,894.234015525627
DZI47,2950.419138487161
MEF33,2950.419138487161
DQX15,1408.1472375430449
KTH72,2967.9759710478843
HPD36,493.63859362878515
NPE65,2508.028891160564
MRG11,2870.843698181458
PQM96,1458.3695173076405
UYP13,375.61792319595924
INU15,1720.4116781274818
ZGG52,3101.5519283551384
TQD35,873.8623059718567
YOC67,2950.419138487161
OUB13,1452.198838409836
MII51,1828.1637632545712
VIC29,1098.329046645248
RDC11,4613.545164988238
EZE26,2928.2400974910242
ZXO53,5821.3221182816
VVO38,348.23229783951007
DKR87,1922.124203894443
JKR96,1751.6365954896087
SDZ43,1296.8483520308123
GGP12,894.234015525627
FWU13,629.9265554916341
UFA10,2828.7799754226326
ZPF14,1922.124203894443
YCY11,1922.124203894443
WVE39,2967.9759710478843
EFJ10,3997.1498061776047
HLZ81,1470.0977000705586
UXH58,2967.9759710478843
LHC12,894.234015525627
PAL64,4613.545164988238
PIN15,5524.665479542262
QAU14,370.5976000209405
ZQW57,894.234015525627
ELK66,3989.456579889398
ARR74,473.59864456299897
LJD10,894.234015525627
IGQ78,1695.8438743024046
LKG52,1922.124203894443
KGF12,2967.9759710478843
RWW49,1828.1637632545712
TZF64,1922.124203894443
YST51,940.9227926645244
VOE12,625.7484837159516
SPK13,3101.5519283551384
HWE10,1296.8483520308123
HDN12,382.3290349727257
MTV83,1922.124203894443
WET13,1911.9190786287863
LGX26,1751.6365954896087
XIL11,2950.419138487161
OHY21,2508.028891160564
BYA70,1922.124203894443
UMO34,3997.1498061776047
IMW22,3997.1498061776047
CKE54,894.234015525627
HHT59,1296.8483520308123
DUZ10,894.234015525627
KYV41,625.7484837159516
WUK60,3997.1498061776047
ZYP12,894.234015525627
JSD91,2747.8209788681907
HPG22,3976.920116962394
DIX98,382.3290349727257
MDI34,894.234015525627
RDC11,2950.419138487161
JYY11,2967.9759710478843
OKA72,1922.124203894443
KIS14,1658.8559376899107
ZJG11,2950.419138487161
NPE65,2508.028891160564
PRU76,382.3290349727257
TIQ73,2928.2400974910242
ZSC82,557.1467263784155
ZRC14,2950.419138487161
QAE90,940.9227926645244
YTL30,5226.589849748438
KJO95,1837.5509531851878
RIM99,940.9227926645244
MGD92,3818.273206547793
TKM11,627.7311085912904
NXW60,1074.337869218675
BCL11,3997.1498061776047
FKW44,564.0468624953199
WVF37,1922.124203894443
OAO12,403.4649103022505
UCB79,5821.3221182816
NWQ13,3029.10402526921
FCY92,2508.028891160564
TMZ19,3997.1498061776047
LZQ97,2967.9759710478843
QKO94,1086.852526883134
SKG14,2950.419138487161
GTU11,615.7365397274497
CEI27,282.8232909362465
MUE19,3997.1498061776047
TQD35,3818.273206547793
ADT76,2967.9759710478843
WPJ11,2967.9759710478843
GKK14,1922.124203894443
COQ16,1901.057311911114
JTJ14,1922.124203894443
CFL52,3762.3722071473057
QUH78,2423.7178656616143
CQK14,1470.0977000705586
URV12,472.55389185978595
CTT10,3029.10402526921
EKB79,2950.419138487161
TRX84,3836.92015297471
EGU28,2967.9759710478843
KAF29,489.1246486072798
YQV21,3997.1498061776047
SZO25,557.1467263784155
DUZ10,894.234015525627
HLD43,1922.124203894443
CYJ45,2568.7379036576594
BQB14,1922.124203894443
NAI10,3799.44857684148
HPG22,3997.1498061776047
NCI72,3997.1498061776047
DDK20,2587.088066266358
YGZ30,1911.9190786287863
ORW88,3997.1498061776047
ALQ91,1296.8483520308123
MRG12,6100.434106034227
WWF98,1922.124203894443
VDZ97,2950.419138487161
VMN22,2950.419138487161
PAN11,1922.124203894443
MAJ12,3101.5519283551384
ACC80,2950.419138487161
GNX16,1837.5509531851878
XPC22,1247.8466191242715
ZQS14,3976.920116962394
LTH47,1922.124203894443
XSM88,530.1628485832646
HLH13,2870.843698181458
XBT14,320.7787101150857
BGH11,2793.376068600231
FAC22,1055.7551808024552
YQO80,2668.9766562489117
IUN21,2870.843698181458
QWO29,3858.2043171385185
GNK67,3997.1498061776047
NCN85,385.7439651517757
ZPQ72,1055.7551808024552
KSE64,2950.419138487161
MIH17,4613.545164988238
QKY68,1055.7551808024552
FSJ13,2587.088066266358
VNP14,632.3108249192388
KYJ80,4580.86200505331
ENI41,1922.124203894443
JPO54,3939.058097737511
NUU36,894.234015525627
WBL95,206.04230979358948
EWF75,2950.419138487161
SPK13,1922.124203894443
XBT14,1677.7643373719109
OKF75,6100.434106034227
FKP38,2950.419138487161
ASL20,3997.1498061776047
WJO14,220.57824821552924
LOS50,2950.419138487161
MIH17,2950.419138487161
RVU10,2870.843698181458
JGK92,6143.215467442433
YEC92,1922.124203894443
KJO95,1901.057311911114
VIC83,2587.088066266358
XBY11,2587.088066266358
JET13,603.0056298117456
JLD12,1658.8559376899107
TNK24,2456.783301877296
PRU76,1922.124203894443
ZAC12,4613.545164988238
DJA22,3101.5519283551384
VPX10,2950.419138487161
FPC14,1837.5509531851878
AEF11,206.04230979358948
YBZ14,3101.5519283551384
MRG11,2870.843698181458
ZEE32,3997.1498061776047
PYU86,1922.124203894443
FDI10,370.5976000209405
LAP14,3350.503910472295
RHG44,894.234015525627
QKY68,287.1236430712194
SFZ66,3997.1498061776047
GWU14,3997.1498061776047
IOW64,2069.6219863940637
NLT14,3101.5519283551384
DSP10,2950.419138487161
EWF75,2950.419138487161
OGE14,379.0328533750092
IOW64,2508.028891160564
ZRC14,2950.419138487161
NNX49,3997.1498061776047
TKM11,627.7311085912904
NJD55,2526.9029806810645
PPX45,894.234015525627
BNU14,380.15105422898245
OHK62,1751.6365954896087
CEY52,206.04230979358948
ZNR36,375.61792319595924
NKH42,2967.9759710478843
HMD10,1911.9190786287863
KNX65,1720.4116781274818
OGE14,1922.124203894443
KAE47,1942.6418876027078
QTR25,1837.5509531851878
QYN11,1828.1637632545712
ADO13,637.2207849391166
WOT11,2587.088066266358
HPG22,3997.1498061776047
ZWS21,2568.7379036576594
QEG60,4379.632671425883
LVI11,206.04230979358948
QTC50,894.234015525627
OJX13,1922.124203894443
JVY11,2608.8469335552822
VMN13,894.234015525627
XGE53,2851.548331664444
UFA10,2851.548331664444
OPM10,2950.419138487161
PNK10,387.62917782130995
GDV12,1005.5329010378598
BGH11,1878.1938998204748
UBT47,1677.7643373719109
HRW59,940.9227926645244
JWP65,2950.419138487161
QBS73,637.2207849391166
NTB26,894.234015525627
YSQ17,3997.1498061776047
WGC12,2950.419138487161
GLJ63,1901.057311911114
RXK11,1751.6365954896087
DWE31,3997.1498061776047
OGW98,2950.419138487161
BGU29,3997.1498061776047
LLI13,1922.124203894443
UNO45,1911.9190786287863
JNE88,3976.920116962394
BDC33,1846.781015649936
SHY10,3976.920116962394
YPI13,3836.92015297471
YLQ15,1922.124203894443
FWX31,4438.084065978993
VFE97,3997.1498061776047
RWJ12,1901.057311911114
NKD77,3871.856265581674
DGB94,894.234015525627
YRD11,2851.548331664444
KJO51,612.3751270479445
HCI51,206.04230979358948
FTY40,2950.419138487161
QJZ43,1720.4116781274818
BJE52,2508.028891160564
SXA15,1677.7643373719109
RQL15,1751.6365954896087
OUO54,3029.10402526921
PXU66,282.8232909362465
UJM11,3997.1498061776047
DMG17,529.3068478281376
SGZ11,380.15105422898245
WEP87,3101.5519283551384
SKA90,1911.9190786287863
CYS10,2967.9759710478843
NDQ15,1922.124203894443
GZY97,2806.888715704527
CKJ42,2950.419138487161
IPC15,2950.419138487161
ENI41,1922.124203894443
FCQ55,1922.124203894443
BXE31,1055.7551808024552
NMP43,3997.1498061776047
MEF33,560.3522064082249
IWK67,2870.843698181458
PRU10,2950.419138487161
FKP38,2950.419138487161
EQV54,1677.7643373719109
AHF89,1901.057311911114
PHH13,3101.5519283551384
GRM60,290.3244060415584
PAL64,2950.419138487161
NDP41,940.9227926645244
AHD74,2950.419138487161
SBH11,2423.7178656616143
JTW13,1470.0977000705586
UQE10,3997.1498061776047
AXH89,4352.932429274384
CQU27,1901.057311911114
PIN15,2967.9759710478843
ZKQ11,3602.4397943841554
PPB10,3997.1498061776047
UJM11,3997.1498061776047
TKM11,3997.1498061776047
WJU16,894.234015525627
YBZ14,1922.124203894443
PRU10,557.1467263784155
WUJ11,2950.419138487161
ORS21,2950.419138487161
OYJ39,1922.124203894443
HRW59,1343.5371291697095
VKG12,2526.9029806810645
MJH13,2950.419138487161
RXO14,894.234015525627
SVQ36,2950.419138487161
SRC13,637.2207849391166
PJB12,1922.124203894443
XPC22,1247.8466191242715
JVG23,2967.9759710478843
GUM11,894.234015525627
UYA56,2967.9759710478843
TKA46,2747.8209788681907
VIC29,1470.0977000705586
ESB61,1922.124203894443
DRH86,279.48677840370397
VSL11,622.364487436312
DXX87,2950.419138487161
LCH20,206.04230979358948
EJZ14,2668.9766562489117
GMU28,1911.9190786287863
AEF11,894.234015525627
KFJ98,1922.124203894443
JYM14,3997.1498061776047
CGH10,894.234015525627
XHQ12,894.234015525627
RLS13,3871.856265581674
ZQK44,4580.86200505331
VJX78,2069.6219863940637
RCF13,3997.1498061776047
RXK11,1720.4116781274818
TXX50,2928.2400974910242
OPR10,3976.920116962394
OCU12,2967.9759710478843
SIY12,367.78330331423507
HKA14,1901.057311911114
OOL46,1247.8466191242715
OJT30,940.9227926645244
TZF64,1922.124203894443
JUP10,1922.124203894443
GMC11,2950.419138487161
YMU12,1911.9190786287863
XRU43,5786.327414582204
OJS40,1922.124203894443
VGE44,894.234015525627
JJD44,2954.829048381083
RCV45,2950.419138487161
XRH13,1751.6365954896087
CGQ37,560.3522064082249
YKM69,2508.028891160564
CQK14,1317.7578541104542
HLH13,2928.2400974910242
FHS14,2950.419138487161
JTU15,1922.124203894443
QKH44,894.234015525627
YEY91,2587.088066266358
WRY47,1470.0977000705586
ZEO73,557.1467263784155
JES16,940.9227926645244
JWP65,2950.419138487161
IKW10,6143.215467442433
OPP86,2888.5843640152902
AEN20,1922.124203894443
LOK28,1922.124203894443
APX64,379.0328533750092
IHO60,3997.1498061776047
CNH11,2689.171406443177
SLY12,2568.7379036576594
CKJ42,2950.419138487161
JZM41,3989.456579889398
AUN96,3997.1498061776047
GDV12,1055.7551808024552
WLW19,1911.9190786287863
ORW88,3997.1498061776047
KTI10,2967.9759710478843
KGC13,625.7484837159516
IXX58,2928.2400974910242
DVT10,940.9227926645244
RLY93,894.234015525627
DCV26,1922.124203894443
NWQ13,1901.057311911114
WXN13,2928.2400974910242
AHZ10,2870.843698181458
JFM47,5426.13191831876
FKP21,373.439942452216
UAV72,1837.5509531851878
WJW10,2870.843698181458
LHK43,1922.124203894443
NQE11,3836.92015297471
ZAC12,2950.419138487161
LOS50,2950.419138487161
SWZ52,994.4057947893175
VKW64,2950.419138487161
DLH42,2967.9759710478843
FHS14,2950.419138487161
NEH32,940.9227926645244
ZEP43,1922.124203894443
SIJ28,2526.9029806810645
TWW48,1751.6365954896087
CTO12,1043.930697553801
WET13,1911.9190786287863
HLD43,1922.124203894443
OIF72,4379.632671425883
XRI86,2423.7178656616143
WBN96,2950.419138487161
LSU81,2967.9759710478843
YEY31,2950.419138487161
VPO73,1922.124203894443
SMU22,603.0056298117456
KAF29,2668.9766562489117
IFX12,1911.9190786287863
CTT10,1911.9190786287863
MCJ75,1296.8483520308123
UYH71,2747.8209788681907
FOG11,3101.5519283551384
UCB79,3836.92015297471
CPZ57,894.234015525627
FTF15,3029.10402526921
KBE13,1677.7643373719109
QHL12,2950.419138487161
QGQ10,1911.9190786287863
DFL12,1922.124203894443
FTY40,4580.86200505331
HTQ14,2967.9759710478843
BSV80,1922.124203894443
DCV26,2028.968326683477
JMH12,2950.419138487161
EZH74,3997.1498061776047
HWE10,894.234015525627
UYQ40,894.234015525627
IBY35,3997.1498061776047
JTW13,1574.2097548997992
SIQ14,1553.0637100746112
WZF50,2967.9759710478843
DZI47,2950.419138487161
OGP11,3976.920116962394
LOK28,1922.124203894443
OEQ12,894.234015525627
BON13,4202.517393331144
RHS94,2382.9470869616243
TTV54,2950.419138487161
OIT11,557.1467263784155
NSF70,1922.124203894443
OYN80,5524.665479542262
RMF83,2950.419138487161
ZFU57,2950.419138487161
JBP32,1922.124203894443
ORW88,637.2207849391166
SKK32,2950.419138487161
FQP55,1751.6365954896087
ZWG14,2967.9759710478843
QRC79,1922.124203894443
OXK54,1911.9190786287863
MJX11,894.234015525627
AHD74,2950.419138487161
BTP27,1901.057311911114
WHA79,1890.1217711249326
VPJ12,2587.088066266358
MII51,1828.1637632545712
LOK28,1922.124203894443
PZT93,1296.8483520308123
ZKO55,1911.9190786287863
FKP21,1922.124203894443
PNK10,1922.124203894443
WVE39,606.7002858988407
QJS12,2587.088066266358
MXK51,1922.124203894443
YKM69,2508.028891160564
OIF72,2851.548331664444
CTA35,2967.9759710478843
RAH15,2950.419138487161
EVB28,1055.7551808024552
KXU14,3101.5519283551384
BNB10,386.15483594882926
TVF57,1901.057311911114
PYY23,3976.920116962394
TBK97,1677.7643373719109
DKY10,3997.1498061776047
SWG81,1470.0977000705586
LDO15,2967.9759710478843
HSB92,3101.5519283551384
TKA46,2747.8209788681907
RZV10,297.8643923869054
FUN14,625.7484837159516
NAI10,3719.031757767119
BTP27,3029.10402526921
ZQK44,2950.419138487161
ADE15,3997.1498061776047
IKW10,3997.1498061776047
FAB15,2587.088066266358
PJG77,2508.028891160564
JES16,940.9227926645244
KFB59,1470.0977000705586
KDE69,1922.124203894443
OPR10,3976.920116962394
PXM14,1901.057311911114
OYC25,3871.856265581674
BFK13,282.8232909362465
TZF64,1922.124203894443
IMO12,940.9227926645244
SFQ33,940.9227926645244
SVE76,1922.124203894443
HJZ96,2526.9029806810645
RNM14,2851.548331664444
FOG11,1922.124203894443
WPJ11,3097.06464447184
SGZ11,1470.0977000705586
ZGG52,1922.124203894443
UIR34,1751.6365954896087
VNP14,3939.058097737511
CPZ57,894.234015525627
HOK90,3101.5519283551384
ZVH10,3101.5519283551384
JTL20,920.0572470903887
OOI14,3101.5519283551384
EHR84,1878.1938998204748
YEY31,560.3522064082249
GLQ11,1911.9190786287863
SSW11,2508.028891160564
SSW11,470.7385208204702
HWE10,894.234015525627
FMO17,1695.8438743024046
TBI27,3997.1498061776047
XIL11,2950.419138487161
ZIV91,1922.124203894443
QXX90,2950.419138487161
PRC68,1878.1938998204748
EEG76,1343.5371291697095
QMP15,1646.1532891490708
UXH58,5524.665479542262
LCT65,894.234015525627
HWG64,521.6540805613158
XIL11,2950.419138487161
JZK98,2950.419138487161
WUV14,3997.1498061776047
QIN25,2587.088066266358
INK89,1922.124203894443
LNK13,1677.7643373719109
AJM90,3997.1498061776047
GCV94,1828.1637632545712
RGL63,3997.1498061776047
OVU58,276.8453778330803
OJT30,920.0572470903887
NJD55,2526.9029806810645
QGQ10,1911.9190786287863
QAU14,1890.1217711249326
JVE40,1922.124203894443
CUP12,2950.419138487161
EHR84,1878.1938998204748
IAR88,2950.419138487161
IGQ78,322.1422165577358
NGH10,3101.5519283551384
OOY30,1911.9190786287863
OCU12,2967.9759710478843
NQW13,894.234015525627
NUY94,894.234015525627
VSL11,3976.920116962394
LRF62,1922.124203894443
PTX15,2950.419138487161
RSY89,940.9227926645244
AQW42,3997.1498061776047
NQG12,2526.9029806810645
DQX15,1016.7762547824251
HMI21,2686.4792533131626
OPM10,2950.419138487161
EVN95,6143.215467442433
LLH65,4580.86200505331
COQ16,1911.9190786287863
QBV12,3871.856265581674
JXN83,615.7365397274497
LWD10,2747.8209788681907
AUO69,2950.419138487161
FCY92,2526.9029806810645
DBA13,920.0572470903887
BYA70,1922.124203894443
OUB13,1430.7855850495587
IAP53,482.3418299694656
SPK13,1922.124203894443
VHM53,1837.5509531851878
RXM37,894.234015525627
GCR10,3997.1498061776047
XRY13,1922.124203894443
VJX78,2423.7178656616143
KXA92,5594.9626906132025
RLS13,2423.7178656616143
URV12,478.19314836961087
IHZ66,2967.9759710478843
RGM13,1911.9190786287863
WVX10,2950.419138487161
FCG79,1922.124203894443
GZY97,4202.517393331144
YZE70,2526.9029806810645
IHZ66,2967.9759710478843
ITH16,1922.124203894443
RCT12,2870.843698181458
IMO12,940.9227926645244
NSE67,1837.5509531851878
CJZ63,1922.124203894443
RZH55,940.9227926645244
YYE10,1922.124203894443
IYX45,1296.8483520308123
YSI78,2950.419138487161
KYV41,3997.1498061776047
JPO54,5901.5281431644
CNC77,3939.058097737511
TFO71,994.4057947893175
TKM11,3997.1498061776047
VUG26,2967.9759710478843
PJM18,1922.124203894443
GSG12,1922.124203894443
OLY11,1922.124203894443
UMO34,629.4431398030466
UJC79,276.8453778330803
YPI15,1922.124203894443
JSI16,622.364487436312
QMP15,1677.7643373719109
QXD11,1922.124203894443
PPB10,3997.1498061776047
AHZ10,2870.843698181458
UXH58,2967.9759710478843
HHJ28,2508.028891160564
RLS13,2423.7178656616143
LIE73,894.234015525627
WYF11,4644.203598241795
CGG23,894.234015525627
RCK21,894.234015525627
ZEP43,375.61792319595924
GSN53,1922.124203894443
MNO10,894.234015525627
MVU13,295.6484581920704
FCJ12,4352.932429274384
YKM69,2508.028891160564
LTH47,1922.124203894443
WEA21,622.364487436312
PTZ82,1055.7551808024552
JKR96,322.1422165577358
IBE74,894.234015525627
EIJ11,3997.1498061776047
TVF57,1890.1217711249326
JEF58,1901.057311911114
SVE76,1922.124203894443
NCS40,894.234015525627
GKK14,1922.124203894443
FWK70,2423.7178656616143
LOK28,1922.124203894443
YPI15,1922.124203894443
TBT30,3858.2043171385185
YTK96,1098.329046645248
PHE51,2967.9759710478843
PAN12,2870.843698181458
FKP21,3101.5519283551384
KUR15,1911.9190786287863
OKA72,1922.124203894443
BAE93,1922.124203894443
AWN68,282.8232909362465
KXV82,3997.1498061776047
JVR13,2928.2400974910242
RWW49,1828.1637632545712
GPT28,894.234015525627
KNX65,2686.4792533131626
CJQ14,3602.4397943841554
DLH42,5594.9626906132025
OLD10,560.3522064082249
EEG76,894.234015525627
TKG19,1922.124203894443
KAF29,2747.8209788681907
VZK61,3997.1498061776047
THL13,2028.968326683477
VFT71,1922.124203894443
KTS65,2950.419138487161
UTN77,320.7787101150857
XXE14,1922.124203894443
MSJ80,3989.456579889398
DIX98,1922.124203894443
YOC67,588.0141308423233
WVX10,2950.419138487161
ZLS67,385.7439651517757
RXK11,1720.4116781274818
GLS37,894.234015525627
YYN48,3799.44857684148
MZW14,3836.92015297471
CNO62,2508.028891160564
BDC33,1837.5509531851878
UOI59,4506.739599102283
JCP13,637.2207849391166
IKQ41,598.8333641412053
OVU58,940.9227926645244
PYC12,1878.1938998204748
COH93,1043.930697553801
RDC11,560.3522064082249
OJS40,1922.124203894443
ROJ11,1922.124203894443
HAQ14,994.4057947893175
QUR48,1470.0977000705586
VKX48,2526.9029806810645
IPR12,4352.932429274384
GMI62,4580.86200505331
QTJ15,3997.1498061776047
ARR74,3871.856265581674
QQK28,2526.9029806810645
CKE54,894.234015525627
TNC52,588.0141308423233
RZV10,1470.0977000705586
IYE11,385.5821316268491
XAG62,1751.6365954896087
VPX10,596.9730387390141
MRS69,894.234015525627
IRM25,603.0056298117456
KFT87,1901.057311911114
KFT87,1901.057311911114
IZT30,2870.843698181458
UYQ40,894.234015525627
FBW60,1922.124203894443
MKR14,615.7365397274497
OAO12,2466.296952010243
AQW42,3997.1498061776047
RCA58,2950.419138487161
TNC52,2950.419138487161
HLD43,1922.124203894443
AJM90,3997.1498061776047
XHP14,894.234015525627
APE89,2950.419138487161
HTO82,2508.028891160564
RFR49,3818.273206547793
QHL12,600.6676948261093
ADO13,6143.215467442433
WCQ91,2950.419138487161
PNU88,3997.1498061776047
TTV54,2950.419138487161
EOF58,472.55389185978595
XVN59,894.234015525627
FFG32,3818.273206547793
ELY14,3101.5519283551384
BKR48,1922.124203894443
JBP32,1922.124203894443
EVN95,3997.1498061776047
KGF12,612.3751270479445
LOS50,2950.419138487161
RLS13,2508.028891160564
QPF16,2668.9766562489117
ZOJ13,2950.419138487161
WGC12,2950.419138487161
GWC40,1751.6365954896087
GZY85,2950.419138487161
DXJ52,1922.124203894443
BGU29,3997.1498061776047
MYA10,3519.2667830725804
EVB28,1484.1582513440042
UQI78,2928.2400974910242
ZAM11,1695.8438743024046
DBJ11,3997.1498061776047
YOJ46,1470.0977000705586
FSJ13,2526.9029806810645
RWD64,1646.1532891490708
SRT14,2967.9759710478843
UCM12,1922.124203894443
HSZ90,3997.1498061776047
HCI51,894.234015525627
IAU19,1890.1217711249326
ZQK44,557.1467263784155
TZF64,380.15105422898245
THU10,1173.7903175776585
QUY11,1901.057311911114
BAX62,894.234015525627
KKJ43,1695.8438743024046
RHR86,2879.704970921905
OOB26,894.234015525627
MRS69,1296.8483520308123
YUE24,637.2207849391166
RXG14,1922.124203894443
IYX45,894.234015525627
FIH14,1922.124203894443
ATT10,4379.632671425883
DCV26,1922.124203894443
UAS12,894.234015525627
YQV21,3997.1498061776047
GSN53,1922.124203894443
ZXN29,1911.9190786287863
ENH17,2950.419138487161
SLY12,2587.088066266358
KXG14,1296.8483520308123
DIA66,894.234015525627
OAY27,1922.124203894443
DXX87,2950.419138487161
OKH95,2526.9029806810645
SYQ15,529.3068478281376
TOK11,1397.0201312945026
MEF33,2950.419138487161
ZOJ13,4644.203598241795
ZTE88,1911.9190786287863
IEW96,940.9227926645244
BJE52,2508.028891160564
OTC46,2879.704970921905
UBT47,322.1422165577358
OLD10,2950.419138487161
XDH81,3101.5519283551384
APX64,1922.124203894443
FMT10,3997.1498061776047
FTY40,557.1467263784155
HFF15,1098.329046645248
DRY11,1470.0977000705586
MKR14,5821.3221182816
RZH55,940.9227926645244
OJT30,276.8453778330803
YAA14,1922.124203894443
WEX14,940.9227926645244
KKK25,1911.9190786287863
SWG81,322.1422165577358
TLK62,2950.419138487161
NSG12,1922.124203894443
FRD35,1922.124203894443
QDC31,606.7002858988407
GKI48,1901.057311911114
UTM98,4613.545164988238
TLK62,560.3522064082249
CJZ63,1922.124203894443
XWX56,387.62917782130995
DLV10,622.364487436312
SES94,3101.5519283551384
KVS72,1911.9190786287863
XNT10,1922.124203894443
URG12,1922.124203894443
IPC15,2950.419138487161
LKT15,2950.419138487161
SZA88,3101.5519283551384
HIQ11,385.7439651517757
JYY11,2967.9759710478843
GWH45,524.5142043038446
KTS65,2950.419138487161
JTW13,1470.0977000705586
LIC37,2950.419138487161
VMP31,370.5976000209405
WCQ91,2950.419138487161
NTE48,3997.1498061776047
VYB31,1922.124203894443
NCN85,1922.124203894443
ASG22,4379.632671425883
KXV82,3997.1498061776047
VFH85,2950.419138487161
NFO12,3997.1498061776047
UQE10,3997.1498061776047
SPZ10,1751.6365954896087
TUT39,894.234015525627
JDT14,2950.419138487161
NDP41,940.9227926645244
HWG64,2928.2400974910242
ACW12,3939.058097737511
PJX11,2423.7178656616143
MVI14,382.0362668985167
TZV99,3997.1498061776047
IIG27,984.6978245883797
SFQ33,940.9227926645244
HJY10,275.26813660934334
YZE70,2526.9029806810645
NUY94,894.234015525627
QFD24,6143.215467442433
INK89,1922.124203894443
RWD64,1646.1532891490708
OUT45,1922.124203894443
USU11,3101.5519283551384
IEA75,2028.968326683477
EBV12,622.364487436312
IDG55,340.9367189689112
MDI34,206.04230979358948
PYC12,353.64069247008234
HZM67,894.234015525627
PRU10,564.0468624953199
HIQ11,1922.124203894443
KBR19,2950.419138487161
QKH44,894.234015525627
KSA50,1922.124203894443
OSH14,1922.124203894443
DKR87,1922.124203894443
ZKH72,2950.419138487161
QHL12,2950.419138487161
OHK62,1695.8438743024046
DZC65,282.8232909362465
BCT83,1537.99786386943
YPS49,3101.5519283551384
ASG22,2870.843698181458
QEF34,3818.273206547793
UOA58,894.234015525627
EXZ14,2587.088066266358
ALR41,1677.7643373719109
LLH93,6100.434106034227
MIP41,4613.545164988238
YZF96,2747.8209788681907
WAQ97,940.9227926645244
EOX12,1922.124203894443
YNH71,3997.1498061776047
RRA15,2526.9029806810645
KGC13,3997.1498061776047
GRU16,2296.4911084477867
KKK25,1901.057311911114
PYE12,3871.856265581674
WWF98,1922.124203894443
ZMR15,940.9227926645244
OOB26,206.04230979358948
VKW64,2950.419138487161
AWN68,1458.3695173076405
RMF83,4613.545164988238
LHC12,894.234015525627
VQW12,1677.7643373719109
ANV76,1922.124203894443
CZV11,1922.124203894443
ELK66,2587.088066266358
XRI86,2048.810894506165
DIR24,560.3522064082249
FKP21,1922.124203894443
JNE88,3976.920116962394
YFI46,894.234015525627
GVZ23,894.234015525627
MPG14,3976.920116962394
BFA10,3976.920116962394
KKC12,6143.215467442433
GTU11,3836.92015297471
XRY13,1922.124203894443
ESB61,1922.124203894443
TNK24,1658.8559376899107
GRD25,2526.9029806810645
WAQ97,920.0572470903887
RCT12,2870.843698181458
LGB10,2950.419138487161
DOD12,894.234015525627
XVT88,3997.1498061776047
ORS21,2928.2400974910242
LHB99,3311.000252888287
JHT69,1677.7643373719109
UOA58,894.234015525627
XBP87,3997.1498061776047
UFE10,3997.1498061776047
KVS72,1911.9190786287863
NXQ22,385.7439651517757
QUH78,3871.856265581674
YSA54,3065.4905864272428
NDP41,940.9227926645244
DAD76,2587.088066266358
UAS12,894.234015525627
UMO34,6100.434106034227
YAO11,2686.4792533131626
UMC12,2950.419138487161
ZUC11,374.0125301999905
QQZ11,2967.9759710478843
VNK13,1343.5371291697095
GCD72,894.234015525627
ZVH10,1922.124203894443
JBC11,1296.8483520308123
UQI78,2928.2400974910242
MPG14,3976.920116962394
ZNR36,1922.124203894443
GAA13,2950.419138487161
SVQ36,2950.419138487161
GUA99,1901.057311911114
MDT12,1922.124203894443
XJA26,1837.5509531851878
DOS34,4580.86200505331
CXN95,3997.1498061776047
MKO99,320.7787101150857
XNT10,1922.124203894443
CZV11,1922.124203894443
MEF73,910.3821837855779
EOX12,1922.124203894443
JJZ12,1922.124203894443
TVS63,2403.2533757736087
TMZ13,2587.088066266358
XQB11,1922.124203894443
RSY89,940.9227926645244
PYY23,622.364487436312
ZJZ12,1055.7551808024552
RMM57,3997.1498061776047
HIM13,1901.057311911114
FCJ12,500.0268323164237
HSB92,1922.124203894443
LYL11,894.234015525627
KEB73,1574.2097548997992
DOY13,1846.781015649936
NSG12,1922.124203894443
SLH10,994.4057947893175
KZY10,1911.9190786287863
KQB34,894.234015525627
TMZ19,3997.1498061776047
YOV13,1751.6365954896087
KUD34,2870.843698181458
LHB99,3799.44857684148
WGC12,2950.419138487161
CEI26,1985.2029770539111
IKW10,3997.1498061776047
IHP10,2967.9759710478843
ZVH10,1922.124203894443
BAX62,206.04230979358948
VUP73,1922.124203894443
GMN17,374.0125301999905
EJJ98,637.2207849391166
SZL68,2950.419138487161
KQB14,2028.968326683477
PPX45,894.234015525627
OIX75,1837.5509531851878
UBN10,385.7439651517757
OZD18,4379.632671425883
NUW49,2526.9029806810645
DPL20,894.234015525627
SWI46,1922.124203894443
OVU58,940.9227926645244
WBN96,2950.419138487161
FES30,1751.6365954896087
IBE74,894.234015525627
CQK14,1452.198838409836
SAS13,2950.419138487161
AIR10,1901.057311911114
RCT12,2870.843698181458
EGJ70,1922.124203894443
UJM11,3997.1498061776047
LVI11,894.234015525627
YJC10,2928.2400974910242
STK69,2587.088066266358
RCG12,2950.419138487161
DPT13,1878.1938998204748
AKE16,2967.9759710478843
ZGG52,385.7439651517757
QBV12,2423.7178656616143
OIF72,512.8542460620971
DSY84,1922.124203894443
MKK14,894.234015525627
ZCH56,1922.124203894443
NJZ80,3997.1498061776047
YLU79,894.234015525627
UQC15,2950.419138487161
QGH13,615.7365397274497
LFG35,894.234015525627
GSR10,1911.9190786287863
CXN95,3997.1498061776047
SAD14,2686.4792533131626
HIM13,1901.057311911114
DAM28,3976.920116962394
IYQ61,475.3330246270821
WVJ47,2870.843698181458
YQO80,2587.088066266358
FWU13,3997.1498061776047
VLR87,5594.9626906132025
KJO95,356.4057013962285
YMU12,377.13782523653913
KSO48,5594.9626906132025
JVG23,603.0056298117456
UQC15,4580.86200505331
NKD77,2466.296952010243
PNT79,894.234015525627
IBB12,2967.9759710478843
NDP41,1343.5371291697095
UNO12,276.8453778330803
JLR10,2950.419138487161
FTE97,2950.419138487161
RKO79,2950.419138487161
AHD74,4506.739599102283
TUA11,894.234015525627
DFL12,3101.5519283551384
SRC13,3997.1498061776047
CNO62,2508.028891160564
VTP18,380.15105422898245
ENI41,1922.124203894443
GKR83,557.1467263784155
GZY97,2851.548331664444
YUP11,2668.9766562489117
ZGW12,1452.198838409836
ZGG52,1922.124203894443
YBZ14,1922.124203894443
MUE19,3997.1498061776047
YJY59,3997.1498061776047
SVE76,1922.124203894443
BGC59,1922.124203894443
MQO56,894.234015525627
DVZ11,2928.2400974910242
XPL78,1901.057311911114
ZEE32,3997.1498061776047
NOR77,4778.328587150866
UAV72,1837.5509531851878
RKO79,2950.419138487161
PNU88,3997.1498061776047
GRU16,1646.1532891490708
GKD13,894.234015525627
ALR41,1720.4116781274818
BDC33,2954.829048381083
UBT47,1677.7643373719109
XRU43,3818.273206547793
PXU66,1408.1472375430449
MII51,1837.5509531851878
DCB19,3997.1498061776047
QJS12,2587.088066266358
XZA11,2967.9759710478843
VIQ13,1922.124203894443
OMI11,3997.1498061776047
SSW11,2508.028891160564
ZIV91,1922.124203894443
RHS94,1922.124203894443
YFI46,894.234015525627
VNP14,3939.058097737511
IGQ78,1695.8438743024046
ADO13,3997.1498061776047
LKG52,1922.124203894443
IKW10,629.9265554916341
KTS65,2950.419138487161
QRB67,2870.843698181458
OZD18,2870.843698181458
TNC52,2950.419138487161
EOA13,3997.1498061776047
FCF11,2526.9029806810645
LCH20,894.234015525627
ZSC82,2950.419138487161
MEF33,2950.419138487161
ZLP33,2967.9759710478843
VQU85,1646.1532891490708
DUY39,894.234015525627
YYN48,3818.273206547793
EGU28,2967.9759710478843
EWF75,2950.419138487161
ZKQ11,615.7365397274497
RQL15,1751.6365954896087
KBR19,5226.589849748438
CCH19,515.8712255043965
JTW13,2456.783301877296
YEY91,2668.9766562489117
APX13,3997.1498061776047
WTA87,3997.1498061776047
JBP32,1922.124203894443
IMW22,3997.1498061776047
GPT11,1922.124203894443
TQS13,894.234015525627
WEA21,626.059143523407
CWT37,3997.1498061776047
IEB77,288.8505618212194
JXN83,3836.92015297471
UYH58,500.0268323164237
MUE19,3997.1498061776047
TTM88,2879.704970921905
DPF60,322.1422165577358
WWX99,3976.920116962394
IZD14,894.234015525627
DZQ18,894.234015525627
CSM50,1922.124203894443
ESB61,1922.124203894443
SFC11,1098.329046645248
CQZ29,1470.0977000705586
WDW84,475.3330246270821
IUR77,3997.1498061776047
ASG22,521.6540805613158
QYH11,1837.5509531851878
KAY10,3997.1498061776047
HQU11,3997.1498061776047
ZVR52,1922.124203894443
BNU14,3101.5519283551384
ORS21,557.1467263784155
YOV13,1751.6365954896087
HTY10,894.234015525627
KKC12,3997.1498061776047
ALQ91,894.234015525627
CTA35,2967.9759710478843
IZT30,529.3068478281376
LME51,1751.6365954896087
TVD11,2967.9759710478843
ZKO55,373.439942452216
FPR69,4580.86200505331
NSF70,1922.124203894443
YYJ78,206.04230979358948
SRC13,3997.1498061776047
QAE90,1343.5371291697095
URV12,2568.7379036576594
WVJ47,2928.2400974910242
IEW96,1055.7551808024552
OTC46,1890.1217711249326
BCT83,290.3244060415584
ZFZ28,3976.920116962394
OLD10,2950.419138487161
ROJ11,1922.124203894443
MYA10,5821.3221182816
ALV12,2967.9759710478843
YBM44,1922.124203894443
PNK10,1922.124203894443
YJM13,3997.1498061776047
UIR34,1751.6365954896087
LLI13,3101.5519283551384
WJU16,894.234015525627
NDP41,940.9227926645244
JXC75,603.0056298117456
YQL23,1878.1938998204748
SGZ11,1922.124203894443
VOR91,1343.5371291697095
IOG99,1296.8483520308123
URV12,2526.9029806810645
NPE65,3871.856265581674
KGC13,3997.1498061776047
CWT37,3997.1498061776047
HQU11,6143.215467442433
JHP96,894.234015525627
EHR84,367.78330331423507
EWF75,2950.419138487161
HMD10,1911.9190786287863
QRC79,1922.124203894443
BNH40,2950.419138487161
JXN83,3836.92015297471
GYZ10,206.04230979358948
TEP90,994.4057947893175
JTL20,940.9227926645244
QYX54,3997.1498061776047
OTB75,509.99994106934514
LNA17,894.234015525627
IOG99,894.234015525627
IHO60,637.2207849391166
LCH20,894.234015525627
WGW41,2950.419138487161
BWJ76,2950.419138487161
AHF89,370.5976000209405
QGV13,3976.920116962394
MOL44,1922.124203894443
GNP12,3976.920116962394
GVZ23,894.234015525627
EVE11,1922.124203894443
IBY35,3997.1498061776047
IUN21,2870.843698181458
DVB70,2870.843698181458
KRS13,3997.1498061776047
YSQ17,3997.1498061776047
LKL13,4352.932429274384
KDE69,2466.296952010243
VVO38,1837.5509531851878
VOE12,6100.434106034227
PTX15,4644.203598241795
NXX10,1922.124203894443
NKH42,603.0056298117456
JRE61,940.9227926645244
PJX11,2487.5584853033074
YMG27,894.234015525627
ZLI11,4506.739599102283
APE89,588.0141308423233
BUX15,3029.10402526921
TGY15,2950.419138487161
KFT87,1901.057311911114
TZT48,1878.1938998204748
NCG56,2950.419138487161
OFA73,1922.124203894443
KPX48,2382.9470869616243
KDE69,1922.124203894443
AJM90,3997.1498061776047
SHY10,3939.058097737511
PPX12,557.1467263784155
GQT13,478.75840588120906
DJF15,1890.1217711249326
FCY92,2508.028891160564
RID69,2508.028891160564
HQW98,4644.203598241795
QAK10,2950.419138487161
GDV12,1055.7551808024552
CPQ12,640.9154410262116
JNE88,3976.920116962394
SAC31,4580.86200505331
IAN13,2950.419138487161
OAW37,4644.203598241795
BUQ68,2870.843698181458
RDQ13,1677.7643373719109
AFT64,3997.1498061776047
NQE11,3836.92015297471
UML60,3818.273206547793
WFU12,984.6978245883797
PZS93,1878.1938998204748
MSY10,3976.920116962394
PYC12,1846.781015649936
LZC90,2806.888715704527
EVI82,994.4057947893175
JJQ10,2950.419138487161
WOX94,603.0056298117456
MLD88,1922.124203894443
MJX11,894.234015525627
EOK39,1677.7643373719109
PHH13,1922.124203894443
JVY11,2587.088066266358
OGC10,557.1467263784155
RZP72,2950.419138487161
CJQ14,612.3751270479445
SZL68,2950.419138487161
TZX36,940.9227926645244
ASG22,2870.843698181458
FUU40,1922.124203894443
GNK67,6143.215467442433
PIV47,3101.5519283551384
YDR46,3997.1498061776047
HAY13,4580.86200505331
JFM47,2967.9759710478843
CYY10,2620.896015510706
LVI11,1296.8483520308123
LHQ13,1343.5371291697095
ADT76,2967.9759710478843
EHR84,1878.1938998204748
FOK66,3989.456579889398
SIY12,1878.1938998204748
UCX61,894.234015525627
CHF67,1043.930697553801
XRZ81,894.234015525627
CNP10,5594.9626906132025
LSZ55,1173.7903175776585
JTL20,264.2943406113659
JDG81,478.19314836961087
HBG12,1247.8466191242715
DOD12,206.04230979358948
WXP11,894.234015525627
GLS37,206.04230979358948
GOU14,2950.419138487161
ZAC12,2950.419138487161
CSM50,1922.124203894443
XVN59,894.234015525627
LVI11,894.234015525627
XPC22,1154.9661428929128
ZGW12,1452.198838409836
LNA17,920.0572470903887
ZOJ13,2950.419138487161
PZT93,894.234015525627
IAP71,2950.419138487161
NZA81,894.234015525627
RMY66,1901.057311911114
KGF12,2967.9759710478843
UQJ12,1720.4116781274818
JXG94,1922.124203894443
RXG14,1922.124203894443
GLJ63,1901.057311911114
MJB10,1514.0066864428572
PNK10,1922.124203894443
TBT30,3939.058097737511
TVS63,2423.7178656616143
NVY75,1922.124203894443
GLS37,894.234015525627
CQC14,2967.9759710478843
WLW19,379.0328533750092
PYY23,3958.3412024066756
SLY12,2568.7379036576594
VKK10,2928.2400974910242
TTJ13,1878.1938998204748
GSV13,1922.124203894443
ZXN29,1911.9190786287863
RTV34,3997.1498061776047
VFE97,633.6212115787291
KXW10,3101.5519283551384
CKE54,894.234015525627
HAY13,2950.419138487161
ZEE32,3997.1498061776047
NDL93,3976.920116962394
